3086.856226832635 1489.0466987154618
3446.091256142006 1908.8064140137903
2970.651727620502 1508.1190228288863
3400.275072603684 1734.9062334728117
3720.955403090889 1930.7989239226986
4493.147420030191 2480.87228041157
3456.4836082230527 1824.3008933888066
3413.546185560201 1731.1572938578406
3674.9836553622577 1955.9358197621984
4592.07930333125 2529.1923460426756
3452.7076809578634 1791.7518512500972
4111.738926786628 2205.002971367005
4702.602637153018 2613.1876426576177
4437.402306543768 2452.9444437404786
3818.161188462999 2035.861536551814
3579.7567123540607 1886.1576246186632
4509.572429826262 2515.027031877856
3715.6930629334092 2004.4907992947874
4127.865902339231 2280.6786567173713
4044.2837200568365 2186.107010154781
3855.30266178342 2044.7908052473113
3538.78266756631 1832.9311612888814
3762.208980896045 1993.088236514395
3105.0158799111327 1593.3117627152064
3120.3041450865903 1602.5462787937674
3757.705894538744 2059.3714918568426
4068.0777448211365 2128.608819538296
3290.0037067650796 1755.6035605631441
4081.8032802825824 2164.7069544477367
3396.078148729457 1714.8573801110242
3843.3726001928517 2118.2635233218502
2944.7558706156574 1532.0742118003543
4177.163683008887 2268.1323338849925
4126.689591507713 2223.1591271073944
4220.527025291255 2289.9481170153385
4409.721938904135 2339.235352978357
3150.0987501790696 1577.0888982564593
2538.8703450910334 1281.6871364301358
4032.058375734361 2158.713660373617
3299.668243115416 1661.9671601964787
4351.465380565288 2367.9848303058166
4359.295702005852 2347.8870574679227
4410.674598218059 2382.610547033543
4158.69691410014 2270.061653105331
3836.344078478786 2004.0644298492264
3780.9640002977703 1976.2401340559632
3628.756662652462 1927.888657673977
3361.854677447686 1690.3354549777403
3265.6756398700554 1625.2832913457632
3356.831937456779 1775.8302040029648
4022.761674026275 2198.677014193291
3388.772903354347 1782.0935414739774
3431.1296199017634 1841.576969099244
4413.355125998271 2384.347281296635
4123.133625155539 2237.258085712889
3743.995003889296 1915.4309922239302
4147.079321920818 2193.0131984512946
3454.69978013656 1624.2738419143175
4016.2155759116663 2191.962677238339
4515.657564443879 2482.3277735737656
3350.396473417248 1697.241729404304
3538.570493699675 1885.271812768189
3658.7826479540654 1943.5321813497044
3942.1674112627015 2101.8344841271487
3334.9645510022406 1696.4641204557092
4152.086888860051 2229.555576146124
3349.7358570760043 1767.0619469669657
3673.098368391271 1915.9172539922156
3839.2131756158524 1995.0147606017729
3860.5819276474836 2119.727591456948
4555.655279379875 2578.2996178669587
3531.049214649018 1795.5547226440763
3997.1120910654677 2141.290018396622
4525.226260701825 2446.0753000533687
4177.948689843614 2237.951239472282
3737.4021367346613 2023.0556932184727
4578.1440644107815 2498.5073063382556
3436.97515406271 1733.9268921503808
4015.925850502426 2091.711499018326
4180.648914140215 2252.9730897856093
3482.24156177604 1877.6282048795313
3798.173488819388 2044.3283868386366
3321.7818392270087 1671.271910199458
2952.222966328647 1469.5718955077232
3446.338370530383 1799.1172487302167
2947.6213056140227 1399.0938746256486
3423.552945014092 1732.7744264482992
4032.4434673075552 2149.1604965102174
4866.2740365553245 2660.6602884349318
4577.477770806744 2518.360263954413
4224.599263864867 2292.1747285779056
3728.313112959207 2003.1501873094326
4704.8376284711785 2606.0102288458943
3458.7648524098713 1833.2305892931806
4656.376131574911 2527.736194126203
3639.0284421173096 1922.6073549139621
3600.2060812218942 1871.3429835717754
4386.694000413566 2389.228952055968
2648.322889011086 1258.6333949541438
4218.375638581788 2241.1952466048883
4038.6356124993185 2129.7339608398493
3337.580411849148 1760.5459115797698
2647.9274919266595 1318.4907120931887
3923.5767310162946 2126.6270204200164
3216.080067080775 1540.701404655733
3540.6143670340216 1838.1917841476009
4526.807744334136 2497.212435661088
3788.410762606105 1969.9610146126035
3270.127977595653 1624.9217187148522
3212.1169996739445 1658.200182731548
5295.081917732898 2830.1864460253682
5184.192058439968 2913.6881675797717
4237.117242612562 2285.331309943245
3513.54508887354 1849.772315287534
4197.022492332116 2298.0975456236893
3695.1945987971953 1948.4773964876103
3956.3535921605917 2080.8056623230345
2984.7574733204106 1500.9798551671145
4002.797933033669 2048.764962576451
3369.876941437849 1823.164175045473
4191.805222773537 2267.6775037877733
3642.146127221551 1969.8944082951475
3606.4866564934227 1938.6652456779614
3644.0674225906146 1869.2828812604862
3997.908552629609 2143.4799808360913
4238.740799496978 2362.934431329608
3407.395455357843 1777.3831959526497
3406.1490097627543 1752.949282519067
4095.340306528932 2239.7043688782537
4144.912409349592 2203.357796831733
4744.955489752236 2513.9561792791096
4121.506001987389 2173.8796038940945
3945.071086958169 2077.8915408802327
4409.11940456882 2368.1155449843222
3948.9350417772707 2125.55614836148
4052.544370015874 2192.8991354232803
4758.533853254541 2655.1803467320856
3701.860822603538 1962.0961222430412
3544.2193608624443 1819.9035948365606
4029.5880350115553 2187.9022303937336
3975.19957618461 2073.146262766357
3437.37095769128 1848.0135732068763
3010.2628231813974 1572.4508049037452
3705.31468508884 2049.563846680156
3248.5002788998468 1718.0901692032232
3780.193727501848 2030.2332545038496
3566.3150766707163 1897.4047749454605
4402.797034813048 2459.340494937942
4276.608568913273 2354.0145581051725
3461.182031272643 1768.0909619645126
4337.925010054662 2342.956719588921
4633.1635463198245 2534.6194455329305
3214.0644019230226 1669.3852290785355
4143.008830406161 2192.2124061910145
3991.978562020933 2160.940336541356
3674.4218284521326 1971.5565465936959
3466.451267962267 1795.291385736546
3800.1503167750598 1965.7383346030372
3577.7217628635185 1846.0653323663005
3788.097067763394 2020.6423931962493
3854.8540227754906 2129.32887242813
4068.582295425823 2191.5452351726944
4189.779601252292 2268.538841569398
3155.0904785155717 1666.3428865888188
3477.259566508831 1702.95189536749
4060.205019159898 2110.2642514304343
3483.642488706095 1786.6859559232294
4766.444987884541 2676.8296378032455
4095.380669211367 2203.8305542507997
3229.6616641795945 1625.3681229727947
3933.0161904816014 2032.529184198657
3270.3808114209787 1778.5251693798048
4067.366273555175 2270.202097046812
3203.7327416071507 1539.3669423827291
3107.487037797558 1527.8618926001293
4598.173751019513 2545.067344854928
2840.9840549825003 1449.6992143240207
4301.276888253084 2331.4723109419856
4814.9774785225145 2724.5652020165066
3790.366577087325 2003.1264973676523
3084.3529599037897 1653.853151097863
4412.640538274007 2362.4100374066843
3955.2230811173217 2156.3698934344184
2858.3337678839252 1429.1609711734445
4321.064643775845 2359.351144720501
3360.8354373652237 1800.9539565291416
3879.656173831404 1983.1898477212485
3510.1971775663023 1814.8308295404788
3877.1641258283557 2025.9650689017342
4385.871658212986 2362.5974249670894
3751.92774266308 1949.5704054401303
3875.13475987981 2090.034688159884
3151.744146187633 1570.361276317634
4525.942057170337 2504.9222300427436
3047.9674688535365 1596.4469804944151
3224.4514349016017 1661.2227828420705
3348.5856235919005 1692.9609552717595
3311.9252996341984 1667.2789634745664
3985.9492668063313 2114.0119635914602
3548.563958775123 1809.634474828928
4618.133854903388 2507.551354799124
3264.4825347756646 1611.3183288142407
4017.261723226108 2169.384403642626
3159.0696146365162 1609.0640578465784
3441.90217545293 1705.7373199914957
3962.6733513012955 2057.986139474368
3344.04034333886 1733.9563114367697
3373.6913224045447 1817.3974052660635
3548.497975073223 1756.0385054856058
3860.4246947596334 2149.4147719079533
2974.032988892374 1478.8038365419848
4329.699128749576 2299.1194745243815
4233.497347864185 2337.3668318343434
3599.2419106663247 1896.7454983729422
3967.2472149821265 2188.214077066184
3681.1725177775597 2015.7561813001505
3638.566419314701 1910.4867666741204
3596.5449810330197 1951.1166745704404
3788.2003509681617 1991.2608621923864
3936.6388400158176 2146.8307533726766
3559.2100182729064 1803.9598440012444
3014.628523294761 1541.5644680341873
3812.074376139693 2015.9251453260426
3660.0888648581695 1987.6184514950824
3422.698435918907 1667.7275276725911
4417.664672247628 2437.4482973371587
3610.0152334024315 1903.52421719168
4390.156931912136 2432.3249728966025
4125.767319172323 2182.1466073827273
3824.4074266890825 2122.4306314053224
4976.5297762804785 2772.8024779526777
3220.2405397909056 1640.3406832758974
3771.542686577838 2022.8725814615436
2799.4443900593883 1355.2419744533763
3047.682518244313 1560.3597362696105
3334.212358049261 1727.4112709479673
3663.93418693919 1939.6168259331716
3165.909486121969 1584.0241611220104
3415.410743435186 1810.177102421054
4364.496758099958 2394.576770488247
3132.9422315042298 1518.1179029307013
3543.34134156718 1915.834450830751
3264.8001367362094 1772.1809802977161
4357.717793867956 2319.528848696969
4291.389319113704 2337.5786089650874
4263.167571561683 2269.642745763607
3792.2824552654656 2081.7588098624856
3230.5809649537528 1604.3119170351968
2783.584916055559 1272.728627055612
3883.391777766842 2103.4787429290277
3556.948817403656 1925.3807736719455
3278.9923671016004 1690.2871136909885
4249.582225358758 2300.835963147887
4033.5948132041385 2174.4775929776933
3539.3230721127575 1890.8518159747184
3991.2613785523813 2195.5068472865446
4323.816765700788 2358.5524775888075
4236.542615117747 2299.1404810737085
4108.718133349577 2263.093565639158
3010.333588833817 1517.619180882647
3443.6411689696574 1803.574606133588
2481.126067338509 1120.0175065746505
3901.0668734033056 2015.7643319713718
4691.853464479662 2536.7012920946327
4163.368046802335 2167.37207967645
3678.682317910384 1916.7553550397797
2440.938093921712 1125.7098421253418
3911.199797514794 2097.3865147408587
3720.3136005565057 1967.1116491573437
4576.696642491224 2460.394536409457
3386.4830099214328 1745.8415851999423
3336.51147775736 1748.2730302739956
4017.8075773242663 2210.8945961928694
2967.543683223297 1400.0482594113003
3638.2280639893756 1942.283428349204
3540.665518829764 1839.934907990556
3748.813997267799 1927.1990060300311
4168.0796392848115 2241.070286132432
3774.2409179393812 1980.9457261830862
4037.8434205345807 2231.137952943575
3298.318674741438 1730.6052599226161
4315.194236917557 2362.8336056803337
4306.150441276545 2349.238460481829
2938.4926876069203 1498.8791751547408
3382.1175630975263 1832.5522060594544
4922.5745483136 2722.271388421358
4050.6083817068584 2232.159072963464
3967.089344153696 2123.9382066495305
4543.220254856283 2536.9907031886505
3307.546185095277 1675.4770277302373
4741.638465516376 2599.071094739867
3780.1535259261727 1984.9764799981667
3784.952758795416 2051.551239258415
4095.020230891052 2233.9280308663956
3080.7578847062464 1629.8477828139437
3322.122659601058 1685.3489928422405
3899.549891809633 2077.9135366466758
3553.087081444209 1831.0199503298127
4299.314803394511 2325.908837198095
3880.4151940838196 2068.9442986026233
4144.096268137148 2243.587402696185
3755.8888784273636 2030.1540748420691
4009.6597970268185 2151.778703325436
3375.182543089136 1807.939525903193
4339.376207961461 2385.318363986858
4218.253072045262 2362.987978624388
2773.473903275966 1304.1592798974089
4729.2923055473975 2527.032679402142
5290.38724693573 2980.7983618617545
3738.9059355914774 2007.5579168694996
3676.961107460513 1990.6181681309863
3364.77557859095 1710.489684548822
4177.94243877731 2217.344100262472
2975.636952030993 1438.6699474119744
3622.7488234133134 1875.759484273959
4347.3622262861045 2412.950040111513
3590.6482222846694 1794.2509586025737
3720.0234427524324 2006.2632319896222
3634.9863965732116 1906.8273706917018
3472.4095346982435 1870.0337868971467
3024.1389543687633 1519.4709464328514
2854.394179129036 1430.6170516686677
4499.263257547169 2479.8843966604586
2930.9243908861604 1504.6100093100342
3363.5487199424665 1770.7263739923449
2531.5283436281807 1088.6714552325743
3681.681225952782 1977.1923776872538
3699.864921441041 1897.5590240198626
3731.5412353009488 1960.6663556495062
4712.5414204072285 2566.466398066435
3704.5091548836485 1833.3735452415428
3937.089216678837 2079.5992825215403
3946.0011600595426 2125.5285318356864
3483.6068388709195 1788.1406343440149
3749.2753230027033 2035.3741687136219
2422.5684894083092 1141.628924762325
3479.927469218596 1833.3057504715366
3781.2664794230914 1996.0198080763714
3620.901508961117 1877.785674642685
4071.4239398076384 2198.887132333574
3713.4651729078637 2023.3469500888286
